# Scene generated for notebook example
recursionlevel 3
eye -100 5 5
look 0.0 0.0 0.01
up 0 1 0
d -10
bounds -1 1 -1 1
resolution 200 200
ambient 0.2 0.2 0.2
light -23.056348583240162 -46.65532337615783 -6.890859840579523 0 0.5369113156834271 0.4794985836381992 0.16039443055407565 0
light -38.33431750547368 -1.17829832415336 27.528757628038633 0 0.5207801404818205 0.696262500622104 0.27338087005394185 0
sphere -6.8937256241240945 -4.710443033904744 5.71719022590945 3.2904280671860957 0.19778972299314745 0.6308198976084574 0.6096115164899912 0.19778972299314745 0.6308198976084574 0.6096115164899912 0.19778972299314745 0.6308198976084574 0.6096115164899912 0.27749639418552063 0.27749639418552063 0.27749639418552063 0.14213139496014388
sphere -6.568330757566501 4.279286239669176 -2.213712124457164 3.119498893239128 0.44867243261187095 0.5876528835118291 0.323107657448215 0.44867243261187095 0.5876528835118291 0.323107657448215 0.44867243261187095 0.5876528835118291 0.323107657448215 0.2774105219962879 0.2774105219962879 0.2774105219962879 0.09397365062788594
sphere 2.3119533212876124 -3.368390017605039 0.3894031107736957 3.6434640621331953 0.9906409849107899 0.8991079525288314 0.3980109829488425 0.9906409849107899 0.8991079525288314 0.3980109829488425 0.9906409849107899 0.8991079525288314 0.3980109829488425 0.7291019961508345 0.7291019961508345 0.7291019961508345 1.9167758088592757
sphere 0.15995124693080598 0.015129355940022293 9.667734205368937 3.3121761360164204 0.9459050811050972 0.555983994489 0.46419660087974435 0.9459050811050972 0.555983994489 0.46419660087974435 0.9459050811050972 0.555983994489 0.46419660087974435 0.8499665847395348 0.8499665847395348 0.8499665847395348 1.4377857510751386
sphere 8.57776506413176 0.8833658938346005 -2.220892122760379 3.6118638497691875 0.52614268859018 0.16594051234883722 0.9693242956475178 0.52614268859018 0.16594051234883722 0.9693242956475178 0.52614268859018 0.16594051234883722 0.9693242956475178 0.22992331202792027 0.22992331202792027 0.22992331202792027 1.811735826065513
sphere 6.120370879400067 -4.4876602873168325 -4.755537763594633 0.833184730295145 0.8751504376519275 0.15122584002528128 0.7876852248810338 0.8751504376519275 0.15122584002528128 0.7876852248810338 0.8751504376519275 0.15122584002528128 0.7876852248810338 0.8327513264757708 0.8327513264757708 0.8327513264757708 1.8266620573328904
