# Test Sample 0
# x-samples: 1
# y-samples: 50
# used smoothing: True
# x time: 2.615586996078491
# y time: 123.04655456542969
recursionlevel 3
eye -100.0 5.2 5.2
look 0.01 0.01 0.01
up 0.0 1.0 0.01
d -10
bounds -1 1 -1 1
resolution 100 100
ambient 0.2 0.2 0.2
light 24.282058200598186 -15.22081992336173 -1.4481709120614283 0 0.3496142913631608 0.608550616717633 0.5042707872382212 0
light -24.895368051759405 43.01407596483841 13.358236290912906 0 0.6044023822297492 0.838597736134511 0.5209264768035218 0
sphere -2.677096154731446 9.06638421863694 -2.313925556542536 0.9975512653939094 0.05789082205881568 0.034501852363165386 0.4756752013847453 0.05789082205881568 0.034501852363165386 0.4756752013847453 0.05789082205881568 0.034501852363165386 0.4756752013847453 0.36410950669014597 0.36410950669014597 0.36410950669014597 1.1368798051356506
sphere -3.1025944077686463 0.015861405767145342 4.187255921038188 2.2943594287285745 0.5371621964085382 0.0653817638185148 0.2582512562228182 0.5371621964085382 0.0653817638185148 0.2582512562228182 0.5371621964085382 0.0653817638185148 0.2582512562228182 0.37575939110635914 0.37575939110635914 0.37575939110635914 0.3861973115049098
sphere 7.068575861069238 0.2979482410879477 2.645306156476252 3.0941932395972787 0.11670116369529016 0.10949118324706275 0.22503785000455157 0.11670116369529016 0.10949118324706275 0.22503785000455157 0.11670116369529016 0.10949118324706275 0.22503785000455157 0.8733243368786779 0.8733243368786779 0.8733243368786779 1.2788952701369047
sphere 6.048759862060269 -7.421931950665266 2.0191222471963677 3.374567105564485 0.9159665418766111 0.050335128590079825 0.6844989318624748 0.9159665418766111 0.050335128590079825 0.6844989318624748 0.9159665418766111 0.050335128590079825 0.6844989318624748 0.6580600288696591 0.6580600288696591 0.6580600288696591 1.7786171813576188
sphere 4.273924666534064 4.677990790854913 -1.565860864868105 1.4092949972497304 0.03813508173088087 0.9460390532226849 0.303580198563417 0.03813508173088087 0.9460390532226849 0.303580198563417 0.03813508173088087 0.9460390532226849 0.303580198563417 0.629973203639713 0.629973203639713 0.629973203639713 1.52437403819264
