# Test Sample 1
# x-samples: 1
# y-samples: 50
# used smoothing: True
# x time: 3.03867769241333
# y time: 147.68122053146362
recursionlevel 3
eye -100.0 5.2 5.2
look 0.01 0.01 0.01
up 0.0 1.0 0.01
d -10
bounds -1 1 -1 1
resolution 100 100
ambient 0.2 0.2 0.2
light 15.06715681705792 -36.3014075905428 8.136221441554817 0 0.4893547025475258 0.8850487323028832 0.190129258308525 0
light 25.538955616900054 -11.80491381441395 -6.6153876533429425 0 0.35893767584136416 0.1845935575976777 0.03400353562472813 0
sphere 7.521169878059965 4.1245565353918305 9.255497100737568 2.0701750181206977 0.7086828254460341 0.1866755606293765 0.5048091401943096 0.7086828254460341 0.1866755606293765 0.5048091401943096 0.7086828254460341 0.1866755606293765 0.5048091401943096 0.5451730596907901 0.5451730596907901 0.5451730596907901 1.816204567783033
sphere -4.415092825591023 6.941075259636808 9.641453390912243 1.2331343879822516 0.43834261961863674 0.2885431414592933 0.8099549498178146 0.43834261961863674 0.2885431414592933 0.8099549498178146 0.43834261961863674 0.2885431414592933 0.8099549498178146 0.4792172865991148 0.4792172865991148 0.4792172865991148 1.440167120350384
sphere -4.394173148038741 -2.5461119844468953 7.561812381035718 2.920137544214298 0.4097328835306364 0.8206314196907845 0.1586066556235568 0.4097328835306364 0.8206314196907845 0.1586066556235568 0.4097328835306364 0.8206314196907845 0.1586066556235568 0.06129719413558199 0.06129719413558199 0.06129719413558199 1.9557183108035596
sphere 6.014797248417569 -5.679235654391754 -2.349391163044352 3.8623111179270007 0.5546927740485031 0.11073416457970775 0.7890090533145487 0.5546927740485031 0.11073416457970775 0.7890090533145487 0.5546927740485031 0.11073416457970775 0.7890090533145487 0.3249186155016791 0.3249186155016791 0.3249186155016791 0.2788354301169021
sphere 9.270580359118622 -3.40716645444777 9.514489857234182 1.134400472625609 0.22448587709533352 0.6840912370166209 0.5409450149289774 0.22448587709533352 0.6840912370166209 0.5409450149289774 0.22448587709533352 0.6840912370166209 0.5409450149289774 0.02785197981037113 0.02785197981037113 0.02785197981037113 1.4007949191269249
sphere -4.106492749740043 2.69667092944351 9.292882337943077 2.579837742176322 0.4326091866492878 0.060538405982835664 0.27249864810986246 0.4326091866492878 0.060538405982835664 0.27249864810986246 0.4326091866492878 0.060538405982835664 0.27249864810986246 0.9673866380185105 0.9673866380185105 0.9673866380185105 1.2680436304416598
