# Test Sample 10
# x-samples: 1
# y-samples: 50
# used smoothing: True
# x time: 5.654266357421875
# y time: 275.3625822067261
recursionlevel 3
eye -100.0 5.2 5.2
look 0.01 0.01 0.01
up 0.0 1.0 0.01
d -10
bounds -1 1 -1 1
resolution 100 100
ambient 0.2 0.2 0.2
light -26.86878285419818 47.70629110830242 26.512029460768673 0 0.8829083710716611 0.3252689241037342 0.9531212105796821 0
light -45.32911614721043 -42.308005851890805 15.586310794170899 0 0.7094607961867004 0.7434448984744857 0.40058765180977784 0
light 25.394503138202083 -41.69320588589473 15.76383338183858 0 0.6466196464110445 0.15581380817393498 0.22345787648184223 0
sphere 7.118490614162894 -7.85520996928909 -0.6690087267814384 1.665498314156572 0.08189275899451653 0.09570704924312912 0.49841946481742305 0.08189275899451653 0.09570704924312912 0.49841946481742305 0.08189275899451653 0.09570704924312912 0.49841946481742305 0.6151743054924554 0.6151743054924554 0.6151743054924554 0.5853389509532076
sphere -3.6010213360068217 6.935953691155174 -3.8090054589191897 3.841995300919093 0.594439350942067 0.3834858439343505 0.20659133047305422 0.594439350942067 0.3834858439343505 0.20659133047305422 0.594439350942067 0.3834858439343505 0.20659133047305422 0.5894217831519653 0.5894217831519653 0.5894217831519653 0.38643750816846756
sphere 9.845896027042798 8.716436306681516 -8.01732790635143 2.333122210815018 0.6174432678061818 0.8915327393547077 0.012160921458845952 0.6174432678061818 0.8915327393547077 0.012160921458845952 0.6174432678061818 0.8915327393547077 0.012160921458845952 0.10451289337178138 0.10451289337178138 0.10451289337178138 0.8941117805861435
sphere 5.639533724959211 9.450443907597126 1.3636168174835124 1.2175822281948332 0.5286828709430829 0.5972830772364948 0.15518117344373128 0.5286828709430829 0.5972830772364948 0.15518117344373128 0.5286828709430829 0.5972830772364948 0.15518117344373128 0.14957399125678505 0.14957399125678505 0.14957399125678505 0.1543184483535894
sphere -5.602766876271097 -5.058676973620868 -4.629913728507593 3.88112139648367 0.44068808019247974 0.3386912898037179 0.06235053545044633 0.44068808019247974 0.3386912898037179 0.06235053545044633 0.44068808019247974 0.3386912898037179 0.06235053545044633 0.6833498270457505 0.6833498270457505 0.6833498270457505 1.6539337163100667
sphere 5.706563781696929 -8.079033672235347 -1.477441054817266 3.7086167058251456 0.9578559104008166 0.4020574628429865 0.3326503806647535 0.9578559104008166 0.4020574628429865 0.3326503806647535 0.9578559104008166 0.4020574628429865 0.3326503806647535 0.5178605389434432 0.5178605389434432 0.5178605389434432 0.4885943123020502
sphere 8.099338149440012 -2.0348196900791615 9.670060571400949 1.133816116102886 0.4289288267571819 0.34319984218379995 0.9256479706930865 0.4289288267571819 0.34319984218379995 0.9256479706930865 0.4289288267571819 0.34319984218379995 0.9256479706930865 0.07458023547462023 0.07458023547462023 0.07458023547462023 1.768672103475441
sphere 1.5528881885222034 6.299638752897653 -7.820350363055423 1.3730520423032866 0.7311100936870516 0.3195249124263183 0.8881766237241516 0.7311100936870516 0.3195249124263183 0.8881766237241516 0.7311100936870516 0.3195249124263183 0.8881766237241516 0.06663404321290611 0.06663404321290611 0.06663404321290611 1.2497961975736358
sphere 5.01235284971845 4.64944157234145 -9.061427525836239 1.479349517082795 0.33379510178915905 0.18707565203262155 0.6294302646762884 0.33379510178915905 0.18707565203262155 0.6294302646762884 0.33379510178915905 0.18707565203262155 0.6294302646762884 0.9831379530962934 0.9831379530962934 0.9831379530962934 0.736483212746129
