# Test Sample 11
# x-samples: 1
# y-samples: 50
# used smoothing: True
# x time: 3.0526833534240723
# y time: 144.73940324783325
recursionlevel 3
eye -100.0 5.2 5.2
look 0.01 0.01 0.01
up 0.0 1.0 0.01
d -10
bounds -1 1 -1 1
resolution 100 100
ambient 0.2 0.2 0.2
light 40.36372849346982 42.94938139599074 25.86118770569871 0 0.3058704758648334 0.5068428056136529 0.9652377853781683 0
sphere -5.031375734479049 7.888907792431461 -2.2775763055940734 3.417102407997542 0.53468116817094 0.9927332898598173 0.19930976591569893 0.53468116817094 0.9927332898598173 0.19930976591569893 0.53468116817094 0.9927332898598173 0.19930976591569893 0.7348353194815332 0.7348353194815332 0.7348353194815332 0.28871343424351203
sphere 4.008111245960507 7.719652659437656 -1.8133421385515902 2.283296646930477 0.6081690778710646 0.880773307765232 0.24490062987111128 0.6081690778710646 0.880773307765232 0.24490062987111128 0.6081690778710646 0.880773307765232 0.24490062987111128 0.4582508346851687 0.4582508346851687 0.4582508346851687 0.2493883951029816
sphere 2.8449649427955297 8.494481067702356 0.9094479557775976 2.406223320901945 0.17424997128800201 0.4018315654431146 0.48815998252967785 0.17424997128800201 0.4018315654431146 0.48815998252967785 0.17424997128800201 0.4018315654431146 0.48815998252967785 0.8706054601099622 0.8706054601099622 0.8706054601099622 1.0049652796027668
sphere 7.911453107263899 7.172131870792143 -4.851845821971887 1.0935623358538558 0.18070111584952286 0.5648276382584174 0.5246311564825887 0.18070111584952286 0.5648276382584174 0.5246311564825887 0.18070111584952286 0.5648276382584174 0.5246311564825887 0.7499900192646267 0.7499900192646267 0.7499900192646267 1.9219915284193998
sphere 4.167458520996554 -5.554544663837893 -6.492040158572541 0.811814368976614 0.18835757172080547 0.01891956913573456 0.5372137689529956 0.18835757172080547 0.01891956913573456 0.5372137689529956 0.18835757172080547 0.01891956913573456 0.5372137689529956 0.23439834297768647 0.23439834297768647 0.23439834297768647 0.5649187680851523
sphere -0.8533305828149302 -6.558610893310675 1.3961828502816296 3.642733370257951 0.7954636917058286 0.9298637850489778 0.047289381318189494 0.7954636917058286 0.9298637850489778 0.047289381318189494 0.7954636917058286 0.9298637850489778 0.047289381318189494 0.5514451870849025 0.5514451870849025 0.5514451870849025 1.351740749915168
sphere -4.908279776025825 6.268760538342658 -7.39090012566421 1.1142536978059996 0.8711661462218817 0.5983445618610521 0.09997651866029578 0.8711661462218817 0.5983445618610521 0.09997651866029578 0.8711661462218817 0.5983445618610521 0.09997651866029578 0.9153934992091367 0.9153934992091367 0.9153934992091367 1.0634266933271588
