# Test Sample 12
# x-samples: 1
# y-samples: 50
# used smoothing: True
# x time: 3.383758068084717
# y time: 162.21032452583313
recursionlevel 3
eye -100.0 5.2 5.2
look 0.01 0.01 0.01
up 0.0 1.0 0.01
d -10
bounds -1 1 -1 1
resolution 100 100
ambient 0.2 0.2 0.2
light 9.559866007362615 44.6303634551289 18.658496788723383 0 0.28104851759337324 0.03825465669835204 0.06949889657043073 0
sphere 7.850328693605192 0.020487352672764914 -7.702743076860847 1.1427739070083152 0.39788625134639466 0.5886853532644334 0.506096199622684 0.39788625134639466 0.5886853532644334 0.506096199622684 0.39788625134639466 0.5886853532644334 0.506096199622684 0.12376845709360407 0.12376845709360407 0.12376845709360407 0.459869272937436
sphere -9.352490582075445 -4.992937345274848 -0.6313668651684843 2.172547389198262 0.6418516253107586 0.2840986175710307 0.5388569656235681 0.6418516253107586 0.2840986175710307 0.5388569656235681 0.6418516253107586 0.2840986175710307 0.5388569656235681 0.7072721508270987 0.7072721508270987 0.7072721508270987 0.3443602802201648
sphere 7.045069626155293 5.678397132123703 -5.796348759104748 0.8930641994898003 0.2599276952850287 0.14984009075575666 0.4326553098387652 0.2599276952850287 0.14984009075575666 0.4326553098387652 0.2599276952850287 0.14984009075575666 0.4326553098387652 0.7157466932864677 0.7157466932864677 0.7157466932864677 0.6817292668691969
sphere -4.9106783532396525 -2.4852096352864317 -1.1504041345702092 2.1393845972253827 0.2632250588316458 0.7656162373051512 0.7254267074324063 0.2632250588316458 0.7656162373051512 0.7254267074324063 0.2632250588316458 0.7656162373051512 0.7254267074324063 0.8359075106042911 0.8359075106042911 0.8359075106042911 1.4914066015062983
sphere -1.3345804536376988 8.700337398311962 -5.234214417713623 0.8682792256514266 0.9727529959476575 0.8045768481167372 0.1757280017727455 0.9727529959476575 0.8045768481167372 0.1757280017727455 0.9727529959476575 0.8045768481167372 0.1757280017727455 0.28581588912217193 0.28581588912217193 0.28581588912217193 1.2805399676261806
sphere -7.3635890498607415 2.1686228597199033 -8.078299181768301 3.4154581002040834 0.9587620514588555 0.12608784454582334 0.8735863228328472 0.9587620514588555 0.12608784454582334 0.8735863228328472 0.9587620514588555 0.12608784454582334 0.8735863228328472 0.41095841758580054 0.41095841758580054 0.41095841758580054 1.7587037761609605
sphere -9.217193583138572 7.818351572962165 8.803798806300541 3.838481564342659 0.9899032167002683 0.17412316589488275 0.07018047705339059 0.9899032167002683 0.17412316589488275 0.07018047705339059 0.9899032167002683 0.17412316589488275 0.07018047705339059 0.9015791423267637 0.9015791423267637 0.9015791423267637 0.26545999299702083
sphere -5.253357494865504 -9.77650767296565 7.7043235806880475 1.819251142021875 0.6269762257906404 0.5123131589356549 0.8947909461270028 0.6269762257906404 0.5123131589356549 0.8947909461270028 0.6269762257906404 0.5123131589356549 0.8947909461270028 0.1880619131724206 0.1880619131724206 0.1880619131724206 0.9790607323114292
