# Test Sample 13
# x-samples: 1
# y-samples: 50
# used smoothing: True
# x time: 2.501556634902954
# y time: 118.43171763420105
recursionlevel 3
eye -100.0 5.2 5.2
look 0.01 0.01 0.01
up 0.0 1.0 0.01
d -10
bounds -1 1 -1 1
resolution 100 100
ambient 0.2 0.2 0.2
light 39.01531995215916 -47.36823218539802 -24.03398467380351 0 0.5236368928507117 0.7144984158746429 0.36562177972882504 0
light -31.485101527178593 27.229331528017568 -41.38991514892025 0 0.6025954330095609 0.750943248001247 0.6417801667694857 0
light 33.82886301041191 24.328617194190954 49.49420484492104 0 0.604678452635297 0.3998279878368317 0.16313882491103215 0
light -37.18755890045568 -36.63407617774798 -31.00235290991661 0 0.4890810424228693 0.2411178423151834 0.4457681944489926 0
sphere 0.9222661937705396 2.8283753303825794 -1.0622066221828668 0.8533352771542486 0.07452859834740133 0.5959263398667041 0.5169871830807844 0.07452859834740133 0.5959263398667041 0.5169871830807844 0.07452859834740133 0.5959263398667041 0.5169871830807844 0.027762744883744195 0.027762744883744195 0.027762744883744195 1.1738275477061983
sphere 7.404089887878914 5.715080743689555 -0.20086188442306252 1.2253896908775723 0.6025560447876874 0.1331376943788658 0.8213789960483868 0.6025560447876874 0.1331376943788658 0.8213789960483868 0.6025560447876874 0.1331376943788658 0.8213789960483868 0.27110647052127856 0.27110647052127856 0.27110647052127856 1.4211690646677595
sphere 6.434206081193992 -2.83660785155414 8.742342335140027 3.7608101565342427 0.16880712315483304 0.7983913132425354 0.5339161995867338 0.16880712315483304 0.7983913132425354 0.5339161995867338 0.16880712315483304 0.7983913132425354 0.5339161995867338 0.560745295049836 0.560745295049836 0.560745295049836 0.5422371733337845
sphere -7.20422610388548 2.416216320225894 -3.334620249276046 0.8781769861749705 0.6638379927783515 0.5702915916957898 0.19271667094424783 0.6638379927783515 0.5702915916957898 0.19271667094424783 0.6638379927783515 0.5702915916957898 0.19271667094424783 0.2934002760034795 0.2934002760034795 0.2934002760034795 1.1466185974374674
sphere -3.3707625503677523 -2.8177506532042234 -2.035983396904135 1.2072508183160533 0.048680455333079076 0.13784942555388613 0.04340315825967378 0.048680455333079076 0.13784942555388613 0.04340315825967378 0.048680455333079076 0.13784942555388613 0.04340315825967378 0.7069144032066217 0.7069144032066217 0.7069144032066217 1.5383847709523017
