# Test Sample 14
# x-samples: 1
# y-samples: 50
# used smoothing: True
# x time: 3.858264446258545
# y time: 186.9262557029724
recursionlevel 3
eye -100.0 5.2 5.2
look 0.01 0.01 0.01
up 0.0 1.0 0.01
d -10
bounds -1 1 -1 1
resolution 100 100
ambient 0.2 0.2 0.2
light -13.800300884035742 15.52881323583307 37.589603374621234 0 0.10755419358575491 0.6794379190168413 0.43850744263292907 0
light -38.34674676193237 4.846112302544512 -21.444392231507315 0 0.6249841595365966 0.1845619246313539 0.4191396973357775 0
light -36.9359752681581 -35.81755917587929 -7.255177335269117 0 0.4271168017353324 0.47469052751977625 0.4648945161357144 0
sphere -5.739097286917428 7.90369198489546 6.839962139405031 1.692440532896146 0.8105995908011879 0.9170043172688036 0.07560776481150455 0.8105995908011879 0.9170043172688036 0.07560776481150455 0.8105995908011879 0.9170043172688036 0.07560776481150455 0.3779122192907416 0.3779122192907416 0.3779122192907416 1.790477860043765
sphere -7.134009561720145 -1.3328890629526828 4.955393372403593 1.6585640643077872 0.10331313466955905 0.37217139519769427 0.22083827236253495 0.10331313466955905 0.37217139519769427 0.22083827236253495 0.10331313466955905 0.37217139519769427 0.22083827236253495 0.8689111975198428 0.8689111975198428 0.8689111975198428 1.1365420612091301
sphere -0.8821620417690301 5.727483600998649 -7.0358430619875705 3.559288438895137 0.33640831146162065 0.7659947475990072 0.2973481267978193 0.33640831146162065 0.7659947475990072 0.2973481267978193 0.33640831146162065 0.7659947475990072 0.2973481267978193 0.332855983012845 0.332855983012845 0.332855983012845 0.5314975518521987
sphere 3.571443981247832 1.124180619607003 -2.8539820177678994 1.7928695380273667 0.5066420420951637 0.644202119369055 0.02821282071193032 0.5066420420951637 0.644202119369055 0.02821282071193032 0.5066420420951637 0.644202119369055 0.02821282071193032 0.2107215719679405 0.2107215719679405 0.2107215719679405 0.26973512558209867
sphere -7.407918732550362 -6.404236146825042 9.940535439619367 0.5225357282490617 0.35203468148807515 0.6121662773121458 0.5118928587822936 0.35203468148807515 0.6121662773121458 0.5118928587822936 0.35203468148807515 0.6121662773121458 0.5118928587822936 0.9887694380072393 0.9887694380072393 0.9887694380072393 1.1839522812589687
sphere 0.4351386953528795 2.4469504291297195 2.4685150782024685 2.1124469990149572 0.6766050682793859 0.43879357589186463 0.3675819285858585 0.6766050682793859 0.43879357589186463 0.3675819285858585 0.6766050682793859 0.43879357589186463 0.3675819285858585 0.11660733512184973 0.11660733512184973 0.11660733512184973 1.1357650028405148
