# Test Sample 15
# x-samples: 1
# y-samples: 50
# used smoothing: True
# x time: 4.465997695922852
# y time: 218.46136951446533
recursionlevel 3
eye -100.0 5.2 5.2
look 0.01 0.01 0.01
up 0.0 1.0 0.01
d -10
bounds -1 1 -1 1
resolution 100 100
ambient 0.2 0.2 0.2
light -49.14088125699719 26.25146099526043 -41.21281539103413 0 0.8004485632436668 0.30340936228812243 0.4375039506002386 0
light 40.03008539770218 22.010783780470405 -27.149967681192788 0 0.25397556104701435 0.41699926104377927 0.000409677289264887 0
light 24.473779894784755 -9.195373889379098 49.48508510401726 0 0.6983211749467442 0.25360368403917366 0.258656915965381 0
sphere -6.037602779647793 9.717635698935577 3.4411210399896923 1.1309987962352928 0.6422463422368091 0.010578277696908334 0.2164550776213171 0.6422463422368091 0.010578277696908334 0.2164550776213171 0.6422463422368091 0.010578277696908334 0.2164550776213171 0.8970231254723735 0.8970231254723735 0.8970231254723735 1.5766773620116084
sphere 0.8144147708788001 -1.3666330892899463 -1.379893600518642 3.145215389573208 0.5252422756483472 0.8324409858103379 0.43005021496877627 0.5252422756483472 0.8324409858103379 0.43005021496877627 0.5252422756483472 0.8324409858103379 0.43005021496877627 0.05823653521310379 0.05823653521310379 0.05823653521310379 0.43826096825871214
sphere -4.110903182839238 7.066278097368848 -0.3534965095789495 1.5813213655227545 0.10880968334197982 0.2805265532616902 0.6786976122770059 0.10880968334197982 0.2805265532616902 0.6786976122770059 0.10880968334197982 0.2805265532616902 0.6786976122770059 0.975603775075853 0.975603775075853 0.975603775075853 0.2608574110270257
sphere 1.5923073897757298 4.534476999801431 -5.296422485188024 0.8316350199190647 0.665784084937852 0.7017550423985459 0.7982555825644276 0.665784084937852 0.7017550423985459 0.7982555825644276 0.665784084937852 0.7017550423985459 0.7982555825644276 0.8582078580419001 0.8582078580419001 0.8582078580419001 1.4493619436268868
sphere 0.5425751245788195 1.9840832409363216 5.6986522750099375 3.7755357373936174 0.004344536700442325 0.11116061514388598 0.8945625634723063 0.004344536700442325 0.11116061514388598 0.8945625634723063 0.004344536700442325 0.11116061514388598 0.8945625634723063 0.5338007075171501 0.5338007075171501 0.5338007075171501 1.2060250820346567
sphere 8.31196788331172 3.1943557935261815 5.918152096640952 0.6268112163520558 0.30446630843332056 0.8304779362033368 0.6948247438436469 0.30446630843332056 0.8304779362033368 0.6948247438436469 0.30446630843332056 0.8304779362033368 0.6948247438436469 0.9747765034940986 0.9747765034940986 0.9747765034940986 0.5840872929158994
sphere -6.5051090719496845 -1.4467952518298688 8.249342885511481 2.119736771327682 0.6902615198468449 0.5445621410046406 0.11352628290487587 0.6902615198468449 0.5445621410046406 0.11352628290487587 0.6902615198468449 0.5445621410046406 0.11352628290487587 0.24487361470466018 0.24487361470466018 0.24487361470466018 0.2953511339524985
