# Test Sample 16
# x-samples: 1
# y-samples: 50
# used smoothing: True
# x time: 3.2427258491516113
# y time: 154.14325881004333
recursionlevel 3
eye -100.0 5.2 5.2
look 0.01 0.01 0.01
up 0.0 1.0 0.01
d -10
bounds -1 1 -1 1
resolution 100 100
ambient 0.2 0.2 0.2
light -44.97847823576403 16.347906711038434 7.459103498580767 0 0.4362832838810602 0.9884103869873045 0.9140556623040348 0
sphere -9.271292997918714 6.86713598564274 -7.534443301810459 3.093499514917938 0.18598218164849278 0.8177055468319985 0.45614617953860304 0.18598218164849278 0.8177055468319985 0.45614617953860304 0.18598218164849278 0.8177055468319985 0.45614617953860304 0.8451655904977126 0.8451655904977126 0.8451655904977126 0.058856877046327194
sphere 5.173724870166986 -7.520503159026433 5.687168381956729 0.815657939689885 0.5187034241533224 0.22471743895089025 0.3440377989594309 0.5187034241533224 0.22471743895089025 0.3440377989594309 0.5187034241533224 0.22471743895089025 0.3440377989594309 0.7796271938603012 0.7796271938603012 0.7796271938603012 0.977616770314521
sphere 9.111669393327968 2.4511675177815455 6.546844891362259 3.493312625789789 0.7333604171403303 0.6591143523510414 0.023815064759319382 0.7333604171403303 0.6591143523510414 0.023815064759319382 0.7333604171403303 0.6591143523510414 0.023815064759319382 0.027051195467953426 0.027051195467953426 0.027051195467953426 0.5120172978429511
sphere 5.8715038485398185 1.653833850033827 1.0104943071245707 1.3508226734881266 0.6559512094066716 0.40433893121813125 0.9766924468445674 0.6559512094066716 0.40433893121813125 0.9766924468445674 0.6559512094066716 0.40433893121813125 0.9766924468445674 0.7490549597679199 0.7490549597679199 0.7490549597679199 1.3906558833208267
sphere 9.428453814816113 8.630085469944866 6.007905478126656 3.112397701625361 0.7203327674092014 0.28885393680898996 0.4792906153781923 0.7203327674092014 0.28885393680898996 0.4792906153781923 0.7203327674092014 0.28885393680898996 0.4792906153781923 0.412466591187964 0.412466591187964 0.412466591187964 1.514994474849123
