# Test Sample 17
# x-samples: 1
# y-samples: 50
# used smoothing: True
# x time: 3.9718892574310303
# y time: 190.72424244880676
recursionlevel 3
eye -100.0 5.2 5.2
look 0.01 0.01 0.01
up 0.0 1.0 0.01
d -10
bounds -1 1 -1 1
resolution 100 100
ambient 0.2 0.2 0.2
light 26.784682409521395 7.5035555078353156 10.445513388726525 0 0.8600562751328953 0.5918962357076731 0.9072806327951688 0
light -31.023441374542017 -17.364800783468368 -31.846558082971864 0 0.5211283509086007 0.4198202100462717 0.7307031774495968 0
sphere -4.038048748308318 -0.704814005524188 6.779996461720106 2.8159017020481545 0.20544898825759317 0.04368782792284798 0.07658865540755899 0.20544898825759317 0.04368782792284798 0.07658865540755899 0.20544898825759317 0.04368782792284798 0.07658865540755899 0.8981879632203403 0.8981879632203403 0.8981879632203403 0.9681030689786309
sphere -8.447785460498839 -8.272947823476978 2.601114418936829 1.6150180567998715 0.20529586818315615 0.17295870675537295 0.7656449634796294 0.20529586818315615 0.17295870675537295 0.7656449634796294 0.20529586818315615 0.17295870675537295 0.7656449634796294 0.3895981563513319 0.3895981563513319 0.3895981563513319 0.9292916011604518
sphere 5.864766614978951 3.686896205191303 -6.092367941504162 1.2733019003763573 0.2568189421455931 0.19766872256501267 0.9270804120138758 0.2568189421455931 0.19766872256501267 0.9270804120138758 0.2568189421455931 0.19766872256501267 0.9270804120138758 0.5683662048039799 0.5683662048039799 0.5683662048039799 1.5831820261286
sphere 9.38079143411391 -4.074779279917468 -0.37688614568490486 3.2217813563552986 0.13339682980413503 0.7453282693824569 0.26172601719162436 0.13339682980413503 0.7453282693824569 0.26172601719162436 0.13339682980413503 0.7453282693824569 0.26172601719162436 0.5931538171912554 0.5931538171912554 0.5931538171912554 1.2725733352972726
sphere -4.985835230083722 2.446371999940201 3.2368986219445404 2.0039422405910523 0.24364219573395174 0.5721934229632925 0.9703636250891298 0.24364219573395174 0.5721934229632925 0.9703636250891298 0.24364219573395174 0.5721934229632925 0.9703636250891298 0.27232778658809886 0.27232778658809886 0.27232778658809886 0.3305027907122894
sphere -8.227150629829703 -8.602558173905841 -5.6419984820107905 0.5003646674484317 0.7890802473687537 0.5422121714759569 0.47545433859023045 0.7890802473687537 0.5422121714759569 0.47545433859023045 0.7890802473687537 0.5422121714759569 0.47545433859023045 0.5172701207646582 0.5172701207646582 0.5172701207646582 1.5944974216912104
sphere -1.043656285399825 -0.46082008667658947 3.8850510964359444 0.6137029346227548 0.45290567632678047 0.7308013950246517 0.830931062166059 0.45290567632678047 0.7308013950246517 0.830931062166059 0.45290567632678047 0.7308013950246517 0.830931062166059 0.5433981047166199 0.5433981047166199 0.5433981047166199 0.32187975697575166
sphere -8.597226282073777 -0.35194517563547123 2.877455201186576 3.0675567174690728 0.671134929561611 0.3883363520963343 0.008358282240285675 0.671134929561611 0.3883363520963343 0.008358282240285675 0.671134929561611 0.3883363520963343 0.008358282240285675 0.47286388148714187 0.47286388148714187 0.47286388148714187 1.3427913072889406
