# Test Sample 18
# x-samples: 1
# y-samples: 50
# used smoothing: True
# x time: 4.09391713142395
# y time: 201.20088720321655
recursionlevel 3
eye -100.0 5.2 5.2
look 0.01 0.01 0.01
up 0.0 1.0 0.01
d -10
bounds -1 1 -1 1
resolution 100 100
ambient 0.2 0.2 0.2
light -13.668998286534375 25.83560408530792 -0.5079438655926936 0 0.39123567470997733 0.40257959033706847 0.7882604520274418 0
light 19.012368010298488 -36.416710147455035 20.082779260692476 0 0.6228692008615041 0.6976627448515492 0.9010782394657846 0
sphere -3.21863112592043 2.5396899150739713 7.575988778725499 2.7236333777253945 0.49584115171474674 0.9238687166758095 0.5190765581008424 0.49584115171474674 0.9238687166758095 0.5190765581008424 0.49584115171474674 0.9238687166758095 0.5190765581008424 0.6701269321391573 0.6701269321391573 0.6701269321391573 1.8730556241470886
sphere 7.02948955188349 3.5215941755984215 -6.752843739776965 1.8423597243825536 0.48786425240946873 0.2237301481088798 0.44527630386968975 0.48786425240946873 0.2237301481088798 0.44527630386968975 0.48786425240946873 0.2237301481088798 0.44527630386968975 0.69312328187559 0.69312328187559 0.69312328187559 0.7075761026097339
sphere -7.08655674878742 3.1949027116476554 6.737894952027567 2.93984385854335 0.8702323778475213 0.4037412159628879 0.6933881974046313 0.8702323778475213 0.4037412159628879 0.6933881974046313 0.8702323778475213 0.4037412159628879 0.6933881974046313 0.9900156870661423 0.9900156870661423 0.9900156870661423 0.517454422562704
sphere 9.505512316933327 -9.08378894358357 -0.016215300155824508 1.1345771008679588 0.2637433446252244 0.08953142239801293 0.524579586840742 0.2637433446252244 0.08953142239801293 0.524579586840742 0.2637433446252244 0.08953142239801293 0.524579586840742 0.9248572957411746 0.9248572957411746 0.9248572957411746 1.0837877375161094
sphere -5.51247413730162 -0.42522167870950156 7.999373292827418 0.5616561824150905 0.9108000859737696 0.13119631700951262 0.9894058988925838 0.9108000859737696 0.13119631700951262 0.9894058988925838 0.9108000859737696 0.13119631700951262 0.9894058988925838 0.22830637281502397 0.22830637281502397 0.22830637281502397 1.3667486369067687
sphere 8.854064099417396 1.1604813382641215 4.907995861889983 3.9485297742286227 0.7638142138884993 0.13911771223188396 0.6580736476282872 0.7638142138884993 0.13911771223188396 0.6580736476282872 0.7638142138884993 0.13911771223188396 0.6580736476282872 0.11893644288578764 0.11893644288578764 0.11893644288578764 1.2831703488092459
sphere -4.24274761383214 9.824094763583616 -1.51652187439959 2.4583233256540375 0.6735704396900972 0.016704574238984526 0.8612664736915276 0.6735704396900972 0.016704574238984526 0.8612664736915276 0.6735704396900972 0.016704574238984526 0.8612664736915276 0.283855805522393 0.283855805522393 0.283855805522393 0.4049513063126161
sphere 2.149598110396493 -7.140765986744427 -7.349120149586243 1.0527727624901466 0.21160953536509353 0.8320161527202612 0.479471209063692 0.21160953536509353 0.8320161527202612 0.479471209063692 0.21160953536509353 0.8320161527202612 0.479471209063692 0.09995817327490764 0.09995817327490764 0.09995817327490764 0.6430920649363834
