# Test Sample 19
# x-samples: 1
# y-samples: 50
# used smoothing: True
# x time: 2.8706374168395996
# y time: 137.17022228240967
recursionlevel 3
eye -100.0 5.2 5.2
look 0.01 0.01 0.01
up 0.0 1.0 0.01
d -10
bounds -1 1 -1 1
resolution 100 100
ambient 0.2 0.2 0.2
light 14.575955287525957 9.575540131566797 22.51762540435449 0 0.3809561360686874 0.27698166164408244 0.4397964012848301 0
light -29.41947417424239 -8.312926407649933 -46.817325617908246 0 0.9802889889638454 0.5910616149675176 0.2123722269866266 0
light -45.05888212889951 10.863835475989589 34.95250798417605 0 0.3682388811706441 0.5846419549171736 0.3696578594168465 0
light 4.86322664491923 -7.433899041657433 41.19116092462137 0 0.447053912044829 0.6305893904582492 0.014621291208655962 0
sphere -7.2568127995813425 1.4778619494979885 8.848285862486456 2.414250167614406 0.25067566076879455 0.19765332856067486 0.06256977125168006 0.25067566076879455 0.19765332856067486 0.06256977125168006 0.25067566076879455 0.19765332856067486 0.06256977125168006 0.9826738308582605 0.9826738308582605 0.9826738308582605 1.9592081950358229
sphere -6.0245672203120755 2.62100708814617 2.473639703855925 2.217315149734291 0.6350210307672154 0.716245441640387 0.6747127110230955 0.6350210307672154 0.716245441640387 0.6747127110230955 0.6350210307672154 0.716245441640387 0.6747127110230955 0.707605258011946 0.707605258011946 0.707605258011946 0.8258450513650331
sphere -9.420896962522637 5.2620009597309 4.104657291173741 1.915519994112353 0.4812924232648669 0.9132457112559719 0.23560559531464487 0.4812924232648669 0.9132457112559719 0.23560559531464487 0.4812924232648669 0.9132457112559719 0.23560559531464487 0.5473169261617203 0.5473169261617203 0.5473169261617203 1.8570197361302783
sphere 3.6437970862764306 -5.789065466401366 -7.697022202703792 2.826980602420916 0.7917988899055692 0.4228266743329495 0.7988146476643136 0.7917988899055692 0.4228266743329495 0.7988146476643136 0.7917988899055692 0.4228266743329495 0.7988146476643136 0.1349861845985736 0.1349861845985736 0.1349861845985736 1.2512251502808427
