# Test Sample 2
# x-samples: 1
# y-samples: 50
# used smoothing: True
# x time: 4.234939098358154
# y time: 202.44329285621643
recursionlevel 3
eye -100.0 5.2 5.2
look 0.01 0.01 0.01
up 0.0 1.0 0.01
d -10
bounds -1 1 -1 1
resolution 100 100
ambient 0.2 0.2 0.2
light 17.951180338415142 -41.17390533667111 46.99850612585679 0 0.7576687236712177 0.6748130654100427 0.5561242432680936 0
light 31.412851262490165 14.592684974391872 -25.443788004288027 0 0.3752236493285831 0.938334642958657 0.7728321804102392 0
light 22.275237794470414 -43.96985733694929 -33.379280682098795 0 0.6672402009336545 0.28062555793520616 0.42494765664001766 0
light 25.1088500619084 -28.464924748515408 -35.51612906727826 0 0.49124342643901975 0.27029549072662984 0.44021100684312964 0
sphere -6.875953626226727 6.66633606587806 -5.475293784687436 3.7410426341452023 0.5481531342938503 0.7486107361455925 0.9527498083651024 0.5481531342938503 0.7486107361455925 0.9527498083651024 0.5481531342938503 0.7486107361455925 0.9527498083651024 0.7679492788241082 0.7679492788241082 0.7679492788241082 1.2767553979203092
sphere -1.0784724551330616 7.695407941780164 0.08505000256277029 2.2140294114514245 0.6449342628288601 0.7804002551112671 0.48128079541846325 0.6449342628288601 0.7804002551112671 0.48128079541846325 0.6449342628288601 0.7804002551112671 0.48128079541846325 0.21533713206150218 0.21533713206150218 0.21533713206150218 1.7112527429534095
sphere 2.199146023500454 3.296443847305394 -2.742150056306924 0.8704978278693911 0.555048031145553 0.05739731871924958 0.172824311769886 0.555048031145553 0.05739731871924958 0.172824311769886 0.555048031145553 0.05739731871924958 0.172824311769886 0.9493960241709369 0.9493960241709369 0.9493960241709369 1.1536413707173665
sphere -7.97260996914924 -2.033365255165444 -2.71994836168928 3.1353011955314956 0.35005843745964316 0.5142812339441397 0.5547643907079681 0.35005843745964316 0.5142812339441397 0.5547643907079681 0.35005843745964316 0.5142812339441397 0.5547643907079681 0.903917448469337 0.903917448469337 0.903917448469337 1.886596077468162
sphere 6.572174295162878 4.435340664006905 -7.713464771826299 2.8535383624974626 0.7010595294241476 0.008357278009822777 0.3392638023040323 0.7010595294241476 0.008357278009822777 0.3392638023040323 0.7010595294241476 0.008357278009822777 0.3392638023040323 0.8365156602671716 0.8365156602671716 0.8365156602671716 1.8362654094562756
sphere 0.824034338755844 7.0971855685472 -3.36803503054524 1.9901823759393698 0.6443875894526094 0.5594522327580672 0.10670267411102163 0.6443875894526094 0.5594522327580672 0.10670267411102163 0.6443875894526094 0.5594522327580672 0.10670267411102163 0.4897609526537583 0.4897609526537583 0.4897609526537583 0.5595375709470316
