# Test Sample 20
# x-samples: 1
# y-samples: 50
# used smoothing: True
# x time: 2.796626567840576
# y time: 132.97285342216492
recursionlevel 3
eye -100.0 5.2 5.2
look 0.01 0.01 0.01
up 0.0 1.0 0.01
d -10
bounds -1 1 -1 1
resolution 100 100
ambient 0.2 0.2 0.2
light -29.82139547385976 39.257319906992265 -30.36164824246762 0 0.5083467301841856 0.5595319154661196 0.03872854066503517 0
light -0.7008467149877049 -42.11019376386851 28.25901257529054 0 0.7299390450228903 0.9038038065493853 0.04901237426901961 0
light 15.983727028457722 -13.895874023029528 7.272316866001475 0 0.25431296038578366 0.7141022604185291 0.5969261055948543 0
sphere -4.293288125126984 -2.8117202907454253 -5.582161376308028 1.7004717735525148 0.18637041316784264 0.9189899668073843 0.5299140099089891 0.18637041316784264 0.9189899668073843 0.5299140099089891 0.18637041316784264 0.9189899668073843 0.5299140099089891 0.9224909474246178 0.9224909474246178 0.9224909474246178 0.3223727169854639
sphere 0.8378165179532537 0.1821019391578922 -6.88062017495811 2.922477828460671 0.1467269805831587 0.21075313178055677 0.6495440480164807 0.1467269805831587 0.21075313178055677 0.6495440480164807 0.1467269805831587 0.21075313178055677 0.6495440480164807 0.13864132634762338 0.13864132634762338 0.13864132634762338 0.8350765298781194
sphere -0.4788932692031995 5.61467039369883 8.995921346515374 3.526353323231746 0.23974492127114477 0.5221917720498075 0.6788518488338725 0.23974492127114477 0.5221917720498075 0.6788518488338725 0.23974492127114477 0.5221917720498075 0.6788518488338725 0.07790418439409896 0.07790418439409896 0.07790418439409896 1.2732649819167252
sphere -8.219570123378139 5.515815416389502 7.719773169534559 1.488592750174079 0.09536147695532338 0.08637301962974331 0.12281717160147965 0.09536147695532338 0.08637301962974331 0.12281717160147965 0.09536147695532338 0.08637301962974331 0.12281717160147965 0.2618064563315692 0.2618064563315692 0.2618064563315692 0.6948415245445168
sphere 2.8914048138490926 6.690588255390253 -0.3225644968025385 0.8808272634999754 0.7229499886094849 0.1462481013678898 0.6299290349494661 0.7229499886094849 0.1462481013678898 0.6299290349494661 0.7229499886094849 0.1462481013678898 0.6299290349494661 0.5563705891698306 0.5563705891698306 0.5563705891698306 1.2307570730786797
