# Test Sample 21
# x-samples: 1
# y-samples: 50
# used smoothing: True
# x time: 6.268402576446533
# y time: 303.14661383628845
recursionlevel 3
eye -100.0 5.2 5.2
look 0.01 0.01 0.01
up 0.0 1.0 0.01
d -10
bounds -1 1 -1 1
resolution 100 100
ambient 0.2 0.2 0.2
light -14.024932299714933 30.87917491238845 -34.478861895534784 0 0.4734406940032858 0.972453368305352 0.8544275585620964 0
light 2.2765340926536126 -2.496312549249758 -45.475877546881684 0 0.4571305840162313 0.10285147675434303 0.6398162292715112 0
light -6.188266941223411 -1.0320845616802359 -1.8267905149422887 0 0.5730080184534841 0.562930094690979 0.9349727525784707 0
sphere -1.2242092412708434 9.568072096820199 -9.392360334996262 1.9514100282477638 0.7391499348007962 0.20572171287740182 0.1588445234711542 0.7391499348007962 0.20572171287740182 0.1588445234711542 0.7391499348007962 0.20572171287740182 0.1588445234711542 0.9738426960320601 0.9738426960320601 0.9738426960320601 1.043037320251302
sphere 0.4650216232994886 7.035057113312146 4.733447154477041 2.0862471664045588 0.0881253937747486 0.7507251580426819 0.6263787739732949 0.0881253937747486 0.7507251580426819 0.6263787739732949 0.0881253937747486 0.7507251580426819 0.6263787739732949 0.6234924417336362 0.6234924417336362 0.6234924417336362 1.8159253114171674
sphere -6.7777295155974215 3.421110758489977 1.417752534978602 2.761656498273841 0.6274647377780829 0.8412918678886249 0.1075064575054665 0.6274647377780829 0.8412918678886249 0.1075064575054665 0.6274647377780829 0.8412918678886249 0.1075064575054665 0.20936203379641594 0.20936203379641594 0.20936203379641594 0.19688685884946985
sphere 4.339983923791564 -6.7096621377122805 5.612687466738338 3.469147245435999 0.9375237171248485 0.4913108491091803 0.05867704289048514 0.9375237171248485 0.4913108491091803 0.05867704289048514 0.9375237171248485 0.4913108491091803 0.05867704289048514 0.21182519018165002 0.21182519018165002 0.21182519018165002 0.6009882485411217
sphere -7.2058705105034555 4.518335832818279 2.688268696433161 2.395748614313296 0.22209950958947144 0.49365308750267045 0.7368470606843935 0.22209950958947144 0.49365308750267045 0.7368470606843935 0.22209950958947144 0.49365308750267045 0.7368470606843935 0.8610248135030365 0.8610248135030365 0.8610248135030365 0.143303403414389
sphere -2.3445597023314457 -3.3399640459918096 -3.941326851341862 2.844046739219887 0.49767385297487177 0.1938781986989987 0.8929301247659936 0.49767385297487177 0.1938781986989987 0.8929301247659936 0.49767385297487177 0.1938781986989987 0.8929301247659936 0.285028948231024 0.285028948231024 0.285028948231024 1.3742221263997851
sphere -1.298580062942122 6.004659635859522 3.29917452324832 3.774242733466189 0.2247636219504806 0.8043765595877179 0.022038390692756926 0.2247636219504806 0.8043765595877179 0.022038390692756926 0.2247636219504806 0.8043765595877179 0.022038390692756926 0.22563718458835358 0.22563718458835358 0.22563718458835358 1.4870937091140688
sphere 9.878452104926499 8.786325495462126 6.1942841922085705 3.3900930248521224 0.8725874341190412 0.9683688466408814 0.13646822469648567 0.8725874341190412 0.9683688466408814 0.13646822469648567 0.8725874341190412 0.9683688466408814 0.13646822469648567 0.6744310606924129 0.6744310606924129 0.6744310606924129 1.09927998293492
sphere -5.59554126685083 -3.435389736147112 2.800547847644122 2.236571853093536 0.7130353829612693 0.04278069277877694 0.4411881202662007 0.7130353829612693 0.04278069277877694 0.4411881202662007 0.7130353829612693 0.04278069277877694 0.4411881202662007 0.04625703278435589 0.04625703278435589 0.04625703278435589 1.5150315965836612
