# Test Sample 22
# x-samples: 1
# y-samples: 50
# used smoothing: True
# x time: 7.481662750244141
# y time: 367.3732211589813
recursionlevel 3
eye -100.0 5.2 5.2
look 0.01 0.01 0.01
up 0.0 1.0 0.01
d -10
bounds -1 1 -1 1
resolution 100 100
ambient 0.2 0.2 0.2
light 12.923944348113316 -48.91144121462408 33.80676159915947 0 0.49826427628584247 0.39320841571397547 0.6258354037496425 0
light -19.509885092391333 47.07142660582625 28.37502834576331 0 0.3767258895313076 0.6063664043291996 0.6787784186424293 0
light -1.3085242469280232 -33.96651802016734 48.23796758134175 0 0.8336993274354985 0.2992819427884229 0.7978546724037656 0
light -43.1251902930148 -49.44470483613669 -25.356176782002894 0 0.3687225702141298 0.9565235646685626 0.8007397876391089 0
sphere 4.824548407180494 -8.121979852670496 -4.516394866046236 1.2627535799481753 0.7213605042127328 0.5282778073469498 0.5904368315489095 0.7213605042127328 0.5282778073469498 0.5904368315489095 0.7213605042127328 0.5282778073469498 0.5904368315489095 0.6389684615212257 0.6389684615212257 0.6389684615212257 0.010589171499095038
sphere 0.16719488170680208 -0.8021231706712761 -5.273358681358116 3.3597348513735694 0.9360836349160109 0.6714570125445408 0.6119997047303597 0.9360836349160109 0.6714570125445408 0.6119997047303597 0.9360836349160109 0.6714570125445408 0.6119997047303597 0.3797866239185568 0.3797866239185568 0.3797866239185568 1.9954501639981428
sphere -1.08956271859274 5.758246361546922 1.5246572468470205 2.2357558485374356 0.4041572928438265 0.9241413185118833 0.666577257886685 0.4041572928438265 0.9241413185118833 0.666577257886685 0.4041572928438265 0.9241413185118833 0.666577257886685 0.42414512662354764 0.42414512662354764 0.42414512662354764 1.5348373718599897
sphere -3.6841610104067186 -4.631590355151576 4.985580338434266 0.91259766297147 0.6663703011011936 0.06106736622581066 0.32427988084036274 0.6663703011011936 0.06106736622581066 0.32427988084036274 0.6663703011011936 0.06106736622581066 0.32427988084036274 0.7084045218278648 0.7084045218278648 0.7084045218278648 0.1448989201965553
sphere -0.3149583109114147 0.2112417750284692 -3.227435093944182 2.5074216808155105 0.966675658539835 0.14906795861982114 0.09663133778769895 0.966675658539835 0.14906795861982114 0.09663133778769895 0.966675658539835 0.14906795861982114 0.09663133778769895 0.2775558254588453 0.2775558254588453 0.2775558254588453 1.8677497981660178
