# Test Sample 23
# x-samples: 1
# y-samples: 50
# used smoothing: True
# x time: 3.431755781173706
# y time: 164.4755961894989
recursionlevel 3
eye -100.0 5.2 5.2
look 0.01 0.01 0.01
up 0.0 1.0 0.01
d -10
bounds -1 1 -1 1
resolution 100 100
ambient 0.2 0.2 0.2
light -48.06976865098247 -19.36359549453902 48.84048732139627 0 0.9876874943572712 0.9544266729371759 0.3562705029206059 0
light 49.949085342261796 10.466048089120484 2.5007688827204646 0 0.47695284268060256 0.011108666669169542 0.8547125151566876 0
light 22.324574762975445 -44.01631056326578 5.009367013537222 0 0.15800608440452757 0.055375460233122675 0.2685817608222003 0
light 22.222274059336456 -12.504372574397507 37.117817325904326 0 0.7236324169165809 0.11455104620632539 0.4622722455868088 0
sphere -2.777096821875076 -7.957303159606561 0.1964269408212882 3.6095874162038193 0.9155873672786522 0.24694196569575344 0.9140923329259184 0.9155873672786522 0.24694196569575344 0.9140923329259184 0.9155873672786522 0.24694196569575344 0.9140923329259184 0.07214947413494666 0.07214947413494666 0.07214947413494666 1.4518771925949538
sphere 8.981278625639469 6.48087093064818 5.325735367958828 3.398329480366076 0.5059453433941338 0.11519969365335547 0.5915837210103903 0.5059453433941338 0.11519969365335547 0.5915837210103903 0.5059453433941338 0.11519969365335547 0.5915837210103903 0.6235361873681371 0.6235361873681371 0.6235361873681371 1.6526453694898704
sphere 5.668891328113013 -1.4974887768526912 -5.967957283435668 2.644807248295307 0.7821903454986248 0.4430194904507343 0.44808744640236875 0.7821903454986248 0.4430194904507343 0.44808744640236875 0.7821903454986248 0.4430194904507343 0.44808744640236875 0.791404135434373 0.791404135434373 0.791404135434373 0.20580340451621856
sphere 0.7567433760178925 6.577747772727204 3.9203268341686215 1.838059945554666 0.5676564901747332 0.28744498652006933 0.7312877169594106 0.5676564901747332 0.28744498652006933 0.7312877169594106 0.5676564901747332 0.28744498652006933 0.7312877169594106 0.5270071702139737 0.5270071702139737 0.5270071702139737 0.552672754978486
sphere -9.946793413459643 -0.7258193302496707 -9.94459715027607 1.604222870732002 0.12707688433731812 0.5491063360365204 0.3483046364315786 0.12707688433731812 0.5491063360365204 0.3483046364315786 0.12707688433731812 0.5491063360365204 0.3483046364315786 0.13067291607855647 0.13067291607855647 0.13067291607855647 0.1451901452776958
