# Test Sample 24
# x-samples: 1
# y-samples: 50
# used smoothing: True
# x time: 3.25972843170166
# y time: 150.82709527015686
recursionlevel 3
eye -100.0 5.2 5.2
look 0.01 0.01 0.01
up 0.0 1.0 0.01
d -10
bounds -1 1 -1 1
resolution 100 100
ambient 0.2 0.2 0.2
light 18.0391128228119 47.51353080845114 -35.28572757615331 0 0.7367896433776214 0.7461070145890935 0.6410037942995742 0
light 45.430120045380946 40.785286349695554 31.22720570992496 0 0.6209501924462026 0.6488886825789467 0.5130494775086728 0
light -22.177339841183908 -40.21833771095049 26.350802448487514 0 0.9255548361095783 0.6288914512744147 0.2773769284273666 0
sphere -5.193255474848664 -8.87313160492856 -3.1624982700746678 2.244525460010507 0.6363908125175748 0.02490848267299517 0.7800310302470712 0.6363908125175748 0.02490848267299517 0.7800310302470712 0.6363908125175748 0.02490848267299517 0.7800310302470712 0.5821227228574882 0.5821227228574882 0.5821227228574882 0.9793519249334148
sphere 1.4272803236943723 -1.790301916721159 4.203158410489532 1.2677864715500333 0.7868283636721624 0.540253274459136 0.82541065563966 0.7868283636721624 0.540253274459136 0.82541065563966 0.7868283636721624 0.540253274459136 0.82541065563966 0.6920551974623941 0.6920551974623941 0.6920551974623941 0.4200108176999345
sphere -6.968915487464162 -5.870554572383622 -8.000608852443953 2.294863005614675 0.7413620734505424 0.3088014008225879 0.0072550157770168155 0.7413620734505424 0.3088014008225879 0.0072550157770168155 0.7413620734505424 0.3088014008225879 0.0072550157770168155 0.30545306501798397 0.30545306501798397 0.30545306501798397 0.3884375547120276
sphere -4.781312881073527 -9.578774094829495 2.086619049036436 3.919320390999414 0.16643498293266068 0.3105381809877389 0.35807661196754614 0.16643498293266068 0.3105381809877389 0.35807661196754614 0.16643498293266068 0.3105381809877389 0.35807661196754614 0.02343698042782605 0.02343698042782605 0.02343698042782605 0.559747370008129
sphere 2.3194658928913388 -9.959348988333891 -3.4487121476535947 2.4746101078432217 0.2714252562179683 0.9733842681639752 0.46996248868315393 0.2714252562179683 0.9733842681639752 0.46996248868315393 0.2714252562179683 0.9733842681639752 0.46996248868315393 0.6483666399513713 0.6483666399513713 0.6483666399513713 1.7693112800902957
